[0.8073794841766357, (481, 593)],
[0.9124064445495605, (481, 593)],
[0.9942185878753662, (468, 590)],
[1.0762252807617188, (415, 580)],
[1.1482303142547607, (409, 582)],
[1.2192349433898926, (409, 582)],
[1.3012409210205078, (409, 582)],
[1.3792529106140137, (409, 582)],
[1.44828200340271, (409, 582)],
[1.5254325866699219, (423, 564)],
[1.6027450561523438, (434, 551)],
[1.6748051643371582, (434, 551)],
[1.7533504962921143, (434, 550)],
[1.8203792572021484, (434, 550)],
[1.8974049091339111, (434, 550)],
[1.970414638519287, (434, 550)],
[2.052422523498535, (434, 550)],
[2.114426374435425, (434, 550)],
[2.1865639686584473, (434, 550)],
[2.304818630218506, (434, 550)],
[2.3428122997283936, (434, 550)],
[2.4552762508392334, (431, 554)],
[2.5782830715179443, (297, 779)],
[2.65028715133667, (281, 799)],
[2.7492949962615967, (281, 799)],
