[1.7417399883270264, (480, 405)],
[2.051710367202759, (608, 454)],
[2.370704174041748, (500, 323)],
[2.7047269344329834, (465, 417)],
[3.0276989936828613, (717, 355)],
[3.3637173175811768, (487, 465)],
[3.6607110500335693, (716, 446)],
[3.9574596881866455, (492, 314)],
[4.13470196723938, (565, 448)],
[4.62674617767334, (435, 516)],
[4.952449083328247, (620, 272)],
[5.2357025146484375, (442, 369)],
[5.528315782546997, (644, 557)],
[5.84468674659729, (378, 496)],
[6.132691144943237, (722, 220)],
[6.393697023391724, (515, 347)],
[6.564692258834839, (694, 421)],
[7.01270604133606, (351, 428)],
[7.3906919956207275, (703, 341)],
[7.701715707778931, (483, 299)],
[8.014663696289062, (661, 438)],
[8.362696886062622, (404, 452)],
[8.638707637786865, (565, 246)],
[8.941454410552979, (577, 359)],
[9.099706649780273, (510, 423)],
[9.466687440872192, (523, 266)],
[9.627699375152588, (532, 248)],
[9.763693571090698, (398, 294)],
[9.929705142974854, (406, 395)],
[10.094700813293457, (627, 435)],
[10.257699966430664, (635, 275)],
[10.7347092628479, (440, 269)],
[11.072678089141846, (444, 442)],
[11.36769437789917, (593, 256)],
[11.536707401275635, (376, 264)],
[12.0506751537323, (607, 360)],
[12.353683710098267, (433, 195)],
[12.64765477180481, (405, 314)],
[12.808688163757324, (416, 370)],
[13.250707149505615, (236, 258)],
[13.569686889648438, (513, 150)],
[13.870679140090942, (297, 160)],
[14.02661681175232, (440, 264)],
[14.505680799484253, (235, 292)],
[14.809693574905396, (315, 132)],
[15.110696077346802, (421, 126)],
[15.266676902770996, (299, 184)],
[15.694705724716187, (281, 319)],
[16.036670923233032, (446, 77)],
[16.3836829662323, (512, 188)],
[16.54168176651001, (380, 269)],
[16.95667862892151, (551, 117)],
[17.3036527633667, (504, 311)],
[17.583680629730225, (736, 419)],
[17.74267840385437, (548, 569)],
[18.189677715301514, (546, 489)],
[18.532676219940186, (699, 266)],
[18.818967819213867, (491, 519)],
[18.96367621421814, (291, 440)],
[19.397679805755615, (793, 504)],
[19.692702770233154, (819, 236)],
[19.995676040649414, (459, 417)],
[20.16668152809143, (313, 481)],
[20.673665046691895, (640, 532)],
[20.992676973342896, (864, 243)],
[21.2946834564209, (489, 551)],
[21.462681531906128, (264, 479)],
[21.910674810409546, (501, 437)],
[22.23262119293213, (727, 197)],
[22.53463912010193, (463, 376)],
[22.693650484085083, (307, 433)],
[23.137674570083618, (376, 273)],
[23.495678663253784, (486, 254)],
[23.796630859375, (465, 221)],
[23.953641653060913, (557, 204)],
[24.32539463043213, (376, 397)],
[24.486677646636963, (567, 296)],
[24.64767861366272, (380, 196)],
[25.046671390533447, (550, 248)],
[25.520673990249634, (356, 393)],
[25.891677618026733, (313, 217)],
[26.199667930603027, (551, 325)],
[26.360631704330444, (563, 155)],
[26.827688455581665, (263, 326)],
[27.151667594909668, (517, 285)],
[27.312679290771484, (430, 209)],
[27.670668601989746, (549, 238)],
[27.977644443511963, (555, 379)],
[28.12366223335266, (455, 501)],
[28.399662256240845, (866, 441)],
[28.70262575149536, (481, 299)],
[28.865659952163696, (665, 481)],
[29.938661575317383, (374, 240)],
[30.111605882644653, (728, 399)],
[30.52966070175171, (409, 613)],
[30.97088074684143, (757, 238)],
[31.310662508010864, (679, 518)],
[31.828654050827026, (399, 333)],
[32.17551326751709, (755, 460)],
[32.47166299819946, (571, 366)],
[32.7216739654541, (397, 542)],
[33.0505006313324, (347, 290)],
[33.31963920593262, (673, 513)],
[33.66664958000183, (617, 284)],
[33.99665307998657, (485, 481)],
[34.29163098335266, (279, 393)],
[34.61765146255493, (611, 548)],
[34.89469337463379, (846, 205)],
[35.18666362762451, (457, 161)],
[35.5106520652771, (644, 470)],
[35.82565760612488, (992, 272)],
[36.12961745262146, (623, 349)],
[36.45468354225159, (925, 560)],
[36.76142072677612, (378, 612)],
[37.07965111732483, (378, 373)],
[37.34061074256897, (870, 422)],
[37.66663146018982, (511, 206)],
[38.01365804672241, (677, 410)],
[38.315653562545776, (394, 569)],
[38.62661266326904, (267, 206)],
[38.93864607810974, (814, 474)],
[39.22964286804199, (861, 224)],
[39.52266454696655, (530, 236)],
[39.82465481758118, (423, 514)],
[39.9816472530365, (314, 326)],
[40.33165526390076, (763, 489)],
[40.640663146972656, (783, 219)],
[40.80164694786072, (531, 375)],
[41.11966156959534, (341, 482)],
[41.28364968299866, (388, 351)],
[41.64870548248291, (876, 329)],
[41.98362731933594, (513, 289)],
[42.29964089393616, (270, 412)],
[42.60366249084473, (549, 441)],
[42.925602197647095, (969, 271)],
[43.23760414123535, (711, 389)],
[43.578638315200806, (739, 506)],
[43.879634857177734, (339, 458)],
[44.18264722824097, (434, 281)],
[44.45865035057068, (843, 409)],
[44.81136465072632, (681, 239)],
[45.13364577293396, (532, 535)],
[45.413642168045044, (359, 225)],
[45.734636068344116, (713, 533)],
[46.0415825843811, (843, 145)],
[46.31864261627197, (583, 127)],
[46.64862012863159, (976, 479)],
[46.980634927749634, (567, 632)],
[47.25825905799866, (682, 372)],
[47.60663366317749, (558, 199)],
[47.928631067276, (500, 451)],
[48.23565912246704, (886, 363)],
[48.5255970954895, (437, 288)],
[48.840606451034546, (562, 592)],
[49.12162733078003, (814, 298)],
[49.45063781738281, (460, 422)],
[49.77761912345886, (888, 429)],
[50.06863069534302, (559, 265)],
[50.395636796951294, (692, 512)],
[50.71264362335205, (674, 268)],
[51.013631105422974, (414, 481)],
[51.20464539527893, (334, 260)],
[51.853630781173706, (665, 300)],
[52.160616636276245, (485, 400)],
[52.33163070678711, (451, 572)],
[52.75763154029846, (874, 263)],
[53.03963780403137, (470, 280)],
[53.33063554763794, (752, 475)],
[53.50062394142151, (471, 471)],
[53.84164905548096, (431, 183)],
[53.98263454437256, (750, 317)],
[54.34462594985962, (492, 499)],
[54.87764763832092, (430, 246)],
[55.133624792099, (701, 410)],
[55.30462646484375, (729, 225)],
[55.61262631416321, (478, 429)],
[55.94160580635071, (393, 241)],
[56.09763169288635, (623, 386)],
[56.525617361068726, (784, 248)],
[56.80631947517395, (457, 429)],
[57.305593729019165, (519, 396)],
[57.63465213775635, (752, 221)],
[57.79762291908264, (505, 251)],
[58.1086266040802, (514, 513)],
[58.42564916610718, (545, 213)],
[58.581661224365234, (326, 207)],
[58.95961594581604, (548, 548)],
[59.26162028312683, (675, 242)],
[59.396626710891724, (489, 234)],
[60.0106143951416, (681, 258)],
[60.17158269882202, (524, 308)],
[60.64061617851257, (893, 326)],
[60.98061394691467, (547, 204)],
[61.13960599899292, (376, 331)],
[61.43661308288574, (561, 541)],
[61.70391011238098, (827, 306)],
[62.008423805236816, (505, 227)],
[62.301615476608276, (553, 384)],
[62.448617458343506, (642, 484)],
[62.7755765914917, (782, 193)],
[63.06558537483215, (402, 219)],
[63.339614152908325, (548, 401)],
[63.485612869262695, (784, 482)],
[63.74760818481445, (837, 227)],
[64.06662607192993, (485, 305)],
[64.23161888122559, (515, 398)],
[64.80062794685364, (915, 241)],
[64.93663740158081, (715, 208)],
[65.22761797904968, (402, 316)],
[65.51360583305359, (708, 476)],
[65.80761051177979, (676, 400)],
[65.96662425994873, (556, 515)],
[66.23759531974792, (376, 250)],
[66.41361021995544, (665, 437)],
[66.57358050346375, (760, 292)],
[67.28961086273193, (712, 247)],
[67.42560935020447, (678, 276)],
[67.71160888671875, (340, 208)],
[68.01861310005188, (588, 428)],
[68.30261182785034, (709, 177)],
[68.46761655807495, (572, 307)],
[68.75460720062256, (415, 277)],
[68.91662001609802, (459, 262)],
[69.04761099815369, (682, 461)],
[69.75860810279846, (436, 553)],
[69.90560531616211, (292, 306)],
[70.20260548591614, (659, 529)],
[70.49562549591064, (834, 192)],
[70.78259944915771, (569, 306)],
[70.95660328865051, (472, 465)],
[71.24559712409973, (440, 228)],
[71.40360069274902, (583, 387)],
[71.5695948600769, (752, 416)],
[71.87163853645325, (791, 189)],
[72.16360425949097, (740, 462)],
[72.32459449768066, (392, 495)],
[72.6245744228363, (451, 332)],
[72.9165997505188, (340, 192)],
[73.23360133171082, (824, 387)],
[73.37759637832642, (641, 526)],
[73.67756128311157, (756, 254)],
[73.83859038352966, (404, 300)],
[74.02259659767151, (657, 414)],
[74.16959404945374, (452, 535)],
[74.44559049606323, (733, 300)],
[74.76359272003174, (448, 330)],
[74.92959451675415, (697, 400)],
[75.093590259552, (657, 246)],
[75.24359846115112, (466, 244)],
[75.55955696105957, (483, 503)],
[75.85159707069397, (325, 330)],
[76.15355849266052, (681, 437)],
[76.33259081840515, (768, 173)],
[76.9535882472992, (463, 210)],
[77.28058981895447, (790, 387)],
[77.58759427070618, (592, 498)],
[77.86460852622986, (776, 224)],
[78.16160321235657, (356, 185)],
[78.33158612251282, (723, 404)],
[78.63459038734436, (500, 520)],
[78.80058670043945, (808, 305)],
[78.98658800125122, (342, 325)],
[79.13258409500122, (725, 542)],
[79.39060187339783, (608, 546)],
[79.69046688079834, (381, 485)],
[80.72658395767212, (655, 381)],
[80.85257983207703, (757, 286)],
[81.29259204864502, (377, 242)],
[81.6166000366211, (736, 427)],
[81.91522431373596, (587, 171)],
[82.06658148765564, (492, 245)],
[82.53760409355164, (745, 535)],
[82.89060282707214, (453, 386)],
[83.19756531715393, (619, 180)],
[83.343585729599, (402, 284)],
[83.80059504508972, (790, 391)],
[84.12159395217896, (350, 188)],
[84.41358256340027, (525, 422)],
[84.56757950782776, (811, 296)],
[85.0275890827179, (396, 127)],
[85.3285779953003, (629, 380)],
[85.6565887928009, (337, 329)],
[85.79440402984619, (697, 155)],
[86.22558283805847, (360, 141)],
[86.53858351707458, (739, 338)],
[86.856609582901, (581, 480)],
[86.99358248710632, (910, 295)],
[87.44657564163208, (455, 219)],
[87.80059432983398, (814, 456)],
[88.0945177078247, (599, 552)],
[88.25058102607727, (730, 318)],
[89.65865015983582, (567, 316)],
[92.08247470855713, (688, 233)],
[92.3635687828064, (459, 412)],
[92.706547498703, (797, 384)],
[93.01156902313232, (637, 272)],
[93.17056941986084, (515, 314)],
[93.63853144645691, (757, 236)],
[93.99355721473694, (366, 290)],
[94.30255103111267, (774, 444)],
[94.60454559326172, (425, 233)],
[94.93357348442078, (790, 333)],
[95.23456501960754, (462, 494)],
[95.52058696746826, (665, 336)],
[95.69157123565674, (815, 182)],
[96.06427693367004, (334, 288)],
[96.41854310035706, (796, 499)],
[96.73019194602966, (375, 510)],
[96.8836100101471, (717, 324)],
[97.3275396823883, (495, 316)],
[97.65855860710144, (505, 204)],
[97.97061967849731, (660, 320)],
[98.13455510139465, (465, 390)],
[98.54918146133423, (750, 345)],
[98.8682062625885, (563, 455)],
[99.15156102180481, (398, 299)],
[99.32554626464844, (477, 480)],
[99.68756699562073, (749, 323)],
[99.83860301971436, (438, 297)],
[100.16057014465332, (596, 575)],
[100.45456671714783, (428, 515)],
[100.60554313659668, (803, 287)],
[100.94057989120483, (447, 278)],
[101.08959078788757, (634, 413)],
[101.2485625743866, (394, 516)],
[101.57756209373474, (731, 250)],
[101.9255735874176, (277, 210)],
[102.22359848022461, (624, 355)],
[102.37361192703247, (561, 463)],
[102.6115620136261, (451, 477)],
[102.89755988121033, (798, 225)],
[103.06456232070923, (468, 156)],
[103.3805615901947, (551, 338)],
[103.52657270431519, (604, 467)],
[103.67652297019958, (362, 501)],
[104.01857209205627, (771, 168)],
[104.32755374908447, (218, 184)],
[105.29633331298828, (431, 215)],
[105.46461772918701, (667, 369)],
[105.8275556564331, (481, 561)],
[105.98855209350586, (656, 369)],
[106.12951326370239, (758, 240)],
[106.46154975891113, (376, 397)],
[106.78155612945557, (866, 468)],
[107.10455775260925, (690, 272)],
[107.24854516983032, (520, 365)],
[107.56151103973389, (743, 542)],
[107.85755801200867, (423, 561)],
[108.03854393959045, (935, 273)],
[108.4755609035492, (451, 186)],
[108.80950927734375, (627, 494)],
[109.1105420589447, (711, 225)],
[109.26254367828369, (469, 316)],
[109.57754349708557, (353, 449)],
[109.73852252960205, (486, 294)],
[110.0145423412323, (771, 388)],
[110.34154987335205, (669, 188)],
[110.50753974914551, (374, 374)],
[111.26354455947876, (347, 119)],
[111.57851839065552, (723, 432)],
[111.7275333404541, (479, 562)],
[112.07322883605957, (697, 320)],
[112.23453664779663, (377, 337)],
[112.37753701210022, (705, 435)],
[112.66755867004395, (688, 237)],
[112.96254515647888, (347, 318)],
[113.27455449104309, (409, 605)],
[113.43728590011597, (943, 258)],
[113.5855541229248, (681, 134)],
[113.90854549407959, (343, 400)],
[114.26552367210388, (635, 616)],
[114.55755114555359, (386, 539)],
[114.70254349708557, (813, 302)],
[115.0015459060669, (508, 318)],
[115.33856177330017, (640, 455)],
[115.47654724121094, (420, 370)],
[115.80755257606506, (555, 282)],
[115.95956373214722, (561, 231)],
[116.10550379753113, (465, 411)],
[116.40623617172241, (527, 476)],
[116.71454453468323, (483, 479)],
[117.02453780174255, (433, 292)],
[117.15954041481018, (365, 307)],
[117.91451597213745, (672, 172)],
[118.45755624771118, (507, 400)],
[118.79550981521606, (459, 205)],
[119.08553171157837, (662, 345)],
[119.36755132675171, (668, 206)],
[119.5025007724762, (541, 342)],
[119.81253957748413, (730, 330)],
[119.96854138374329, (630, 223)],
[120.38257551193237, (466, 364)],
[120.71553897857666, (451, 285)],
[120.86752963066101, (618, 437)],
[121.0185239315033, (739, 205)],
[121.37553477287292, (535, 219)],
[121.67752599716187, (420, 403)],
[121.83053827285767, (405, 266)],
[122.1285309791565, (677, 459)],
[122.41450047492981, (762, 192)],
[122.73753190040588, (550, 390)],
[122.88753294944763, (457, 191)],
[123.18253898620605, (639, 411)],
[124.20837092399597, (787, 318)],
[124.35438179969788, (664, 482)],
[124.62553453445435, (485, 226)],
[124.95352959632874, (406, 487)],
[125.23752522468567, (671, 334)],
[125.39852547645569, (596, 246)],
[125.68052577972412, (635, 484)],
[125.8315212726593, (793, 540)],
[125.98153233528137, (720, 598)],
[126.3865327835083, (779, 247)],
[126.72355961799622, (525, 164)],
[127.05424690246582, (486, 446)],
[127.38353705406189, (441, 538)],
[127.66350173950195, (731, 307)],
[127.83153009414673, (559, 218)],
[128.13252210617065, (551, 393)],
[128.29053568840027, (426, 409)],
[128.43651866912842, (621, 212)],
[129.26048755645752, (451, 159)],
[129.57353234291077, (616, 351)],
[129.82449340820312, (416, 446)],
[130.11747860908508, (720, 182)],
[130.28549242019653, (501, 230)],
[130.5635108947754, (586, 402)],
[130.73452162742615, (494, 491)],
[130.88652563095093, (465, 266)],
[131.21849918365479, (627, 256)],
[131.54152178764343, (624, 430)],
[131.702486038208, (443, 502)],
[132.01453733444214, (434, 313)],
[132.27855706214905, (804, 313)],
[132.61352062225342, (565, 270)],
[132.78453254699707, (599, 379)],
[133.08155512809753, (476, 443)],
[133.24451661109924, (593, 315)],
[133.40151643753052, (778, 277)],
[133.52350640296936, (620, 193)],
[133.835510969162, (428, 369)],
[134.1635115146637, (631, 457)],
[134.32650566101074, (605, 294)],
[134.49249792099, (475, 308)],
[134.6425166130066, (431, 401)],
[134.93447279930115, (562, 579)],
[135.26150345802307, (851, 254)],
[135.57148790359497, (517, 244)],
[135.71750831604004, (655, 371)],
[136.02350640296936, (431, 485)],
[136.32551884651184, (384, 226)],
[136.66350483894348, (505, 508)],
[136.97418570518494, (767, 216)],
[137.25220608711243, (580, 274)],
[137.5692298412323, (659, 384)],
[137.7145082950592, (409, 490)],
[138.04151844978333, (502, 217)],
[138.1905267238617, (487, 262)],
[138.46454405784607, (731, 327)],
[138.7805140018463, (476, 506)],
[138.93150568008423, (554, 289)],
[139.3044843673706, (468, 158)],
[139.66651892662048, (397, 445)],
[139.99850702285767, (644, 305)],
[140.16950941085815, (633, 268)],
[140.64951014518738, (713, 559)],
[140.99749565124512, (504, 412)],
[141.3114984035492, (900, 416)],
[141.46550941467285, (800, 234)],
[141.9115273952484, (450, 497)],
[142.25846600532532, (867, 349)],
[142.5555009841919, (416, 286)],
[142.7115354537964, (825, 171)],
[143.13446235656738, (644, 542)],
[143.45150518417358, (532, 214)],
[143.76446270942688, (500, 478)],
[143.90549325942993, (913, 285)],
[144.37348341941833, (460, 162)],
[144.7024896144867, (721, 333)],
[145.01147365570068, (466, 409)],
[145.1574718952179, (472, 226)],
[145.61550402641296, (790, 245)],
[145.92650055885315, (446, 193)],
[146.22846484184265, (661, 377)],
[146.3854625225067, (405, 465)],
[146.83749437332153, (832, 190)],
[147.1434931755066, (397, 106)],
[147.48149585723877, (459, 461)],
[147.6304895877838, (837, 476)],
[148.09249138832092, (627, 314)],
[148.4084849357605, (389, 453)],
[148.69648599624634, (563, 479)],
[148.85148811340332, (517, 303)],
[149.28048992156982, (659, 303)],
[149.6424915790558, (408, 344)],
[149.93949341773987, (542, 530)],
[150.10748839378357, (812, 201)],
[150.4404911994934, (447, 112)],
[150.77748322486877, (679, 359)],
[151.06249237060547, (534, 537)],
[151.37350583076477, (439, 363)],
[151.65748929977417, (838, 307)],
[151.81649613380432, (408, 269)],
[152.0814859867096, (404, 483)],
[152.40819120407104, (485, 223)],
[152.56848526000977, (582, 310)],
[152.88648796081543, (476, 450)],
[153.21748566627502, (762, 320)],
[153.53348469734192, (359, 190)],
[153.830486536026, (444, 423)],
[154.11249470710754, (699, 280)],
[154.27350544929504, (440, 198)],
[154.58048701286316, (590, 446)],
[154.888489484787, (441, 513)],
[155.04350590705872, (672, 370)],
[155.38746690750122, (341, 286)],
[155.72547578811646, (715, 245)],
[155.99645256996155, (535, 181)],
[156.2934603691101, (785, 298)],
[156.56947946548462, (555, 492)],
[156.7254776954651, (463, 335)],
[157.05347681045532, (919, 261)],
[157.36847972869873, (406, 182)],
[157.54448914527893, (428, 306)],
[157.87149024009705, (490, 454)],
[158.16047954559326, (704, 282)],
[158.43947577476501, (442, 249)],
[158.77648329734802, (763, 382)],
[159.4914903640747, (366, 322)],
[159.6575062274933, (668, 480)],
[159.80247616767883, (780, 375)],
[159.96548652648926, (704, 261)],
[160.31248474121094, (522, 204)],
[160.60947585105896, (355, 494)],
[161.19314217567444, (369, 338)],
[161.52147102355957, (641, 242)],
[161.70246958732605, (812, 339)],
[161.873473405838, (782, 493)],
[162.0364854335785, (610, 553)],
[162.3474850654602, (366, 440)],
[162.50047183036804, (440, 229)],
[162.81249403953552, (618, 299)],
[163.0994679927826, (472, 419)],
[163.40446257591248, (809, 230)],
[163.91946077346802, (642, 173)],
[164.51344275474548, (794, 349)],
[165.011164188385, (482, 464)],
[165.50843000411987, (535, 386)],
[165.8154754638672, (587, 250)],
[165.97048807144165, (528, 324)],
[166.12950015068054, (570, 403)],
[166.6204617023468, (945, 312)],
[166.922447681427, (552, 245)],
[167.23946237564087, (602, 416)],
[167.52048325538635, (439, 406)],
[167.85347867012024, (821, 396)],
[168.17446851730347, (541, 136)],
[168.462468624115, (401, 337)],
[168.64046692848206, (449, 542)],
[168.7964677810669, (694, 470)],
[169.11345601081848, (600, 157)],
[169.4454643726349, (502, 414)],
[169.77047848701477, (790, 426)],
[170.11245775222778, (857, 351)],
[170.42444920539856, (670, 532)],
[170.73544311523438, (549, 287)],
[171.02646732330322, (813, 299)],
[171.19746446609497, (552, 131)],
[171.5434820652008, (438, 294)],
[171.86349844932556, (487, 522)],
[172.16526126861572, (661, 366)],
[172.3412744998932, (494, 310)],
[172.85547471046448, (815, 326)],
[173.4844512939453, (373, 324)],
[176.3554606437683, (558, 232)],
[176.84095406532288, (779, 313)],
[177.3434498310089, (534, 479)],
[177.9484508037567, (689, 212)],
[178.71845245361328, (497, 263)],
[179.03445601463318, (742, 328)],
[179.3104498386383, (606, 191)],
[179.61745619773865, (516, 267)],
[179.77244329452515, (465, 392)],
[180.00740838050842, (723, 497)],
[181.09845113754272, (490, 332)],
[181.2394082546234, (561, 224)],
[181.38044428825378, (759, 182)],
[181.6884081363678, (770, 421)],
[181.8484401702881, (575, 546)],
[181.97640657424927, (416, 471)],
[182.3044352531433, (359, 212)],
[182.61145043373108, (604, 215)],
[182.7594349384308, (575, 394)],
[182.901442527771, (532, 469)],
[183.5684187412262, (780, 238)],
[183.7114441394806, (647, 272)],
[184.00140190124512, (588, 471)],
[184.2914526462555, (728, 265)],
[184.56745648384094, (575, 191)],
[184.727441072464, (636, 421)],
[185.03041648864746, (428, 459)],
[185.18044090270996, (700, 283)],
[185.31643509864807, (646, 160)],
[186.08444023132324, (563, 304)],
[186.22945022583008, (505, 365)],
[186.75843906402588, (788, 199)],
[187.2624306678772, (505, 485)],
[187.66443634033203, (674, 413)],
[187.9474174976349, (687, 194)],
[188.31442856788635, (505, 419)],
[188.69143104553223, (521, 254)],
[188.97343826293945, (643, 505)],
[189.26543545722961, (592, 396)],
[189.5314302444458, (590, 314)],
[189.69243550300598, (475, 420)],
[189.99942874908447, (774, 479)],
[190.31739354133606, (643, 255)],
[190.4674253463745, (568, 328)],
[190.74439549446106, (676, 511)],
[191.08140873908997, (744, 269)],
[191.25342774391174, (544, 347)],
[191.39742875099182, (671, 474)],
[191.52443099021912, (489, 536)],
[191.8414294719696, (411, 375)],
[192.16658473014832, (482, 206)],
[192.46843266487122, (689, 430)],
[192.6144027709961, (759, 246)],
[193.25143146514893, (480, 307)],
[193.55543112754822, (726, 387)],
[193.83742427825928, (721, 193)],
[194.13443064689636, (578, 355)],
[194.4674243927002, (418, 422)],
[194.61742401123047, (433, 284)],
[194.92925691604614, (671, 451)],
[195.06543016433716, (507, 511)],
[195.35543417930603, (529, 349)],
[195.64843106269836, (679, 232)],
[195.79941654205322, (544, 274)],
[196.34041786193848, (795, 395)],
[196.65542006492615, (555, 325)],
[196.95685482025146, (428, 255)],
[197.12341046333313, (601, 357)],
[197.5814254283905, (443, 534)],
[197.9234254360199, (453, 282)],
[198.23042130470276, (840, 352)],
[198.39409804344177, (685, 551)],
[198.8391306400299, (414, 329)],
[199.1474165916443, (790, 258)],
[199.4934208393097, (527, 195)],
[199.6574203968048, (440, 305)],
[200.02342009544373, (718, 497)],
[200.31142902374268, (476, 492)],
[200.62242937088013, (633, 276)],
[200.7734181880951, (402, 254)],
[201.3064203262329, (633, 534)],
[201.63242626190186, (825, 335)],
[201.94542264938354, (540, 216)],
[202.0844328403473, (607, 335)],
[202.50638127326965, (531, 506)],
[202.82738137245178, (770, 285)],
[203.1084098815918, (444, 310)],
[203.2694022655487, (698, 450)],
[203.7501199245453, (430, 511)],
[204.07741379737854, (731, 238)],
[204.3794093132019, (471, 294)],
[204.54042148590088, (779, 440)],
[204.96943020820618, (572, 533)],
[205.31240725517273, (542, 244)],
[205.62840509414673, (530, 406)],
[205.77841639518738, (800, 448)],
[206.21443605422974, (720, 248)],
[206.5844316482544, (886, 524)],
[206.8784110546112, (479, 518)],
[207.02041912078857, (415, 281)],
[207.44240617752075, (851, 423)],
[207.7803726196289, (514, 193)],
[208.08639526367188, (719, 429)],
[208.2334063053131, (899, 481)],
[208.7104048728943, (322, 391)],
[209.05636978149414, (749, 257)],
[209.33740377426147, (706, 485)],
[209.4843680858612, (502, 458)],
[209.8403823375702, (477, 413)],
[209.96438241004944, (844, 387)],
[210.2853980064392, (525, 212)],
[210.56837558746338, (483, 472)],
[210.7134199142456, (255, 437)],
[211.1904091835022, (746, 464)],
[211.52340817451477, (832, 212)],
[211.8394057750702, (1027, 400)],
[211.9962558746338, (843, 607)],
[212.37839794158936, (423, 546)],
[212.71440386772156, (381, 245)],
[213.03742599487305, (735, 438)],
[213.19739627838135, (794, 272)],
[213.3633952140808, (641, 310)],
[213.64906287193298, (525, 467)],
[214.0132942199707, (456, 263)],
[214.292396068573, (803, 338)],
[214.62539625167847, (611, 283)],
[214.9433946609497, (468, 339)],
[215.27545881271362, (694, 268)],
[215.5923945903778, (630, 480)],
[215.73439168930054, (453, 410)],
[216.0234010219574, (611, 290)],
[216.17241144180298, (497, 441)],
[216.4930877685547, (913, 373)],
[216.8204116821289, (588, 326)],
[217.13741731643677, (498, 477)],
[217.48540592193604, (445, 358)],
[218.00639057159424, (730, 452)],
[218.32136821746826, (636, 285)],
[218.6934151649475, (473, 461)],
[219.14436793327332, (484, 365)],
[219.3293812274933, (679, 468)],
